16,
0,
0,0,
0,1,1,
0,2,7,
1,1,
1,2,
1,3,
1,
1,0,
1,1,
1,2,8,
2,1,
2,2,
2,3,
2,
1,2,
1,3,
1,4,6,
2,3,
2,4,
2,5,
3,
2,0,
2,1,6,
2,2,
3,1,
3,2,
3,3,
4,
2,2,
2,3,1,
2,4,
3,3,
3,4,
3,5,
5,
2,4,
2,5,
2,6,8,
3,5,
3,6,
3,7,
6,
3,0,
3,1,4,
3,2,
4,0,
4,1,
4,2,
7,
3,2,
3,3,
3,4,8,
4,2,
4,3,
4,4,
8,
3,4,
3,5,6,
3,6,
4,4,
4,5,
4,6,
9,
3,6,
3,7,
3,8,8,
4,6,
4,7,
4,8,
10,
4,1,
4,2,
4,3,
5,0,3,
5,1,
5,2,8,
11,
4,3,
4,4,2,
4,5,
5,2,
5,3,
5,4,1,
12,
4,5,
4,6,
4,7,6,
5,4,
5,5,2,
5,6,
13,
5,1,
5,2,
5,3,
6,0,
6,1,
6,2,3,
14,
5,3,
5,4,
5,5,
6,2,
6,3,
6,4,
15,
6,1,
6,2,
6,3,
7,0,
7,1,9,
7,2,1,

